93 7147 1747 387 9376 5736 9412 8052 4332 489 6330 767 1076 1043 7069 3771 7697 801 1512 5202 6002 1810 6717 8362 6070 6806 2193 2658 5743 5668 6536 5044 9072 5233 9972 4542 6630 6635 4977 9870 2791 9745 9221 2520 7568 3687 7060 9248 5708 775 4173 6919 9134 1236 3094 7805 4516 334 4443 7321 5466 9958 3326 2313 6488 982 6871 3073 4709 6371 8514 505 8126 2817 5475 6792 4364 5881 557 1520 7451 9078 1682 3053 9148 368 1574 8288 6108 7790 9146 1016 7495 7373
90 7048 7758 3698 8218 8976 5344 4160 1210 3735 5019 4313 4876 1360 1819 7011 1288 5895 2277 5522 547 4953 9361 3402 2348 6278 9365 2334 5207 616 2858 7066 663 6390 3812 6319 3027 6468 9830 7201 5733 1700 745 2323 6664 402 1897 2381 5326 5018 2468 6392 5201 3736 8976 7981 7708 709 3680 7030 7707 8073 7056 4937 5849 216 8346 7311 1380 1695 1182 7809 2565 6583 7904 4067 615 5455 1593 7203 1704 7348 7394 2883 6849 1503 6201 4049 5069 150 6078
3 20 30 40
92 6105 6637 589 7887 6997 3596 2217 8739 8235 8664 9702 6051 6219 4509 6321 5234 7099 7179 3512 8079 3645 3595 8671 1856 7073 678 9434 9889 5229 1277 8886 3868 9735 3284 6227 3012 7844 6406 8143 9116 6748 5107 3833 7785 6227 3739 3701 4270 4806 2037 2297 5673 5482 7027 7218 2041 4911 4423 3467 6194 9416 4839 188 3492 3836 9856 9583 1315 1900 9348 5117 8663 1312 7390 795 5061 2292 5614 536 7155 7897 2498 2319 5967 7080 7295 5092 4227 6098 8334 353 8149
75 3129 9573 7707 9967 789 1516 6075 8914 713 7677 8402 3966 46 1600 3503 654 7834 4761 9245 872 9620 609 3650 5320 2907 6763 5400 9979 5005 9675 2334 6234 6110 5296 6207 6553 8936 1696 9630 2402 862 1472 8853 2408 9174 5523 9244 8370 5923 8272 8653 4225 6410 2895 1547 5015 5939 3001 9929 1465 7023 6808 1320 698 6432 9659 1921 8996 7540 494 1760 2451 5918 4271 2109
4 3 3 5 7
9 1041 6029 4662 6513 5989 276 4525 3118 8862
84 9134 5046 7484 8684 4040 3454 9668 2180 2901 6133 7972 666 2316 5534 2619 3471 1659 6681 9819 5254 3053 3351 8530 6735 4624 7119 9944 9528 6829 8260 8818 6231 4512 2374 335 7769 3321 7490 1042 9604 5120 237 3040 3285 8380 4873 9203 9407 7999 1427 2838 4451 7144 9503 6093 8996 1254 8664 3873 8998 5187 808 8251 6045 5671 6401 4495 5509 2837 9857 6554 2785 8620 5409 7179 7783 2930 4794 2487 7202 8826 1046 5907 4563
48 4489 1514 5088 603 3099 7064 7514 241 6106 4579 1969 8912 8300 7637 1551 3538 2182 5200 9604 3804 4929 4970 1092 7882 4465 1975 6074 970 5818 2598 3819 5299 5826 5090 7728 2314 2394 3896 3114 486 1207 3139 1007 5258 6157 1558 5768 3979
3 4749 2860 3067
